[gd_scene load_steps=30 format=3 uid="uid://b3ktuay7bbkej"]

[ext_resource type="Shader" path="res://shaders/texture_3D.gdshader" id="1_mphi0"]
[ext_resource type="Texture2D" uid="uid://jn6tlsaflx1f" path="res://textures/base.png" id="2_85570"]
[ext_resource type="Texture2D" uid="uid://kia8yhfpcapr" path="res://textures/environment/ground_01.png" id="2_j6kvm"]
[ext_resource type="PackedScene" uid="uid://c0paiugr6o31v" path="res://src/torch.tscn" id="3_rwuhn"]
[ext_resource type="Shader" path="res://shaders/texture_3D_color.gdshader" id="3_wjt7n"]
[ext_resource type="Texture2D" uid="uid://cb1y3bj42kjcw" path="res://textures/environment/trees_04.png" id="4_nf10i"]
[ext_resource type="Texture2D" uid="uid://dbwmcfhncm4bg" path="res://textures/environment/trees_01.png" id="4_uj4vm"]
[ext_resource type="Texture2D" uid="uid://c1txqload6h2b" path="res://textures/environment/bush_02.png" id="7_ognw5"]
[ext_resource type="Texture2D" uid="uid://cj77hir4fwbfj" path="res://textures/environment/grass_01.png" id="9_ef5oc"]

[sub_resource type="Environment" id="Environment_oe4hh"]
background_mode = 1
fog_enabled = true
fog_mode = 1
fog_light_color = Color(0.909711, 0.854743, 0.82889, 1)
fog_light_energy = 0.1
fog_density = 0.1
fog_height = 2.0
fog_height_density = 0.05
fog_depth_curve = 4.59479

[sub_resource type="ShaderMaterial" id="ShaderMaterial_vgg3n"]
render_priority = 0
shader = ExtResource("1_mphi0")
shader_parameter/albedo = ExtResource("2_j6kvm")
shader_parameter/flip_h = false

[sub_resource type="QuadMesh" id="QuadMesh_vrv57"]
size = Vector2(60, 60)
orientation = 1

[sub_resource type="StandardMaterial3D" id="StandardMaterial3D_wfuwv"]
albedo_color = Color(0, 0, 0, 1)

[sub_resource type="QuadMesh" id="QuadMesh_n17a5"]
size = Vector2(60, 60)

[sub_resource type="ShaderMaterial" id="ShaderMaterial_pic1n"]
render_priority = 0
shader = ExtResource("1_mphi0")
shader_parameter/albedo = ExtResource("2_85570")
shader_parameter/flip_h = false

[sub_resource type="QuadMesh" id="QuadMesh_be2ei"]
size = Vector2(3, 3)

[sub_resource type="ShaderMaterial" id="ShaderMaterial_6p58s"]
render_priority = 0
shader = ExtResource("1_mphi0")
shader_parameter/albedo = ExtResource("4_nf10i")
shader_parameter/flip_h = false

[sub_resource type="QuadMesh" id="QuadMesh_vyyhk"]
size = Vector2(60, 33)

[sub_resource type="ShaderMaterial" id="ShaderMaterial_g1xli"]
render_priority = 0
shader = ExtResource("3_wjt7n")
shader_parameter/albedo = ExtResource("4_nf10i")
shader_parameter/color = Color(0, 0, 0, 1)
shader_parameter/flip_h = true

[sub_resource type="QuadMesh" id="QuadMesh_mq6yw"]
size = Vector2(60, 33)

[sub_resource type="ShaderMaterial" id="ShaderMaterial_r5ik2"]
render_priority = 0
shader = ExtResource("1_mphi0")
shader_parameter/albedo = ExtResource("4_uj4vm")
shader_parameter/flip_h = false

[sub_resource type="ShaderMaterial" id="ShaderMaterial_dfbpa"]
render_priority = 0
shader = ExtResource("1_mphi0")
shader_parameter/albedo = ExtResource("7_ognw5")
shader_parameter/flip_h = false

[sub_resource type="QuadMesh" id="QuadMesh_4feu1"]
size = Vector2(3, 3)

[sub_resource type="ShaderMaterial" id="ShaderMaterial_slfae"]
render_priority = 0
shader = ExtResource("1_mphi0")
shader_parameter/albedo = ExtResource("7_ognw5")
shader_parameter/flip_h = true

[sub_resource type="ShaderMaterial" id="ShaderMaterial_8n3a4"]
render_priority = 0
shader = ExtResource("1_mphi0")
shader_parameter/albedo = ExtResource("7_ognw5")
shader_parameter/flip_h = true

[sub_resource type="ShaderMaterial" id="ShaderMaterial_p4bui"]
render_priority = 0
shader = ExtResource("1_mphi0")
shader_parameter/albedo = ExtResource("7_ognw5")
shader_parameter/flip_h = true

[sub_resource type="ShaderMaterial" id="ShaderMaterial_g48h8"]
render_priority = 0
shader = ExtResource("1_mphi0")
shader_parameter/albedo = ExtResource("9_ef5oc")
shader_parameter/flip_h = true

[sub_resource type="QuadMesh" id="QuadMesh_s508a"]
size = Vector2(2, 2)
center_offset = Vector3(0, 1, 0)

[sub_resource type="MultiMesh" id="MultiMesh_woue6"]
transform_format = 1
instance_count = 64
mesh = SubResource("QuadMesh_s508a")
buffer = PackedFloat32Array(0, 0, -0.804428, 14.9695, 0, 0.804428, 0, -0.000406265, 0.804428, 0, 0, 15.3164, 0, 0, -0.830154, -2.3236, 0, 0.830154, 0, -0.000406265, 0.830154, 0, 0, 8.57993, -1.06105, 0, 0, -10.7033, 0, 1.06105, 0, -0.000406265, 0, 0, -1.06105, -15.381, -1.03172, 0, 0, -25.5649, 0, 1.03172, 0, -0.000406265, 0, 0, -1.03172, -13.816, 0, 0, -0.82454, 18.1927, 0, 0.82454, 0, -0.000406265, 0.82454, 0, 0, 1.11259, 0, 0, -0.922993, 6.64415, 0, 0.922993, 0, -0.000406265, 0.922993, 0, 0, 14.9282, -1.16111, 0, 0, -0.545983, 0, 1.16111, 0, -0.000406265, 0, 0, -1.16111, -28.1703, 0, 0, -0.951192, -5.29388, 0, 0.951192, 0, -0.000406265, 0.951192, 0, 0, 12.5356, 0, 0, -1.08632, 3.0625, 0, 1.08632, 0, -0.000406265, 1.08632, 0, 0, 20.0134, -1.22748, 0, 0, -29.8705, 0, 1.22748, 0, -0.000406265, 0, 0, -1.22748, 24.5782, 0, 0, -1.15162, -5.48226, 0, 1.15162, 0, -0.000406265, 1.15162, 0, 0, 14.8724, -1.18102, 0, 0, -7.53529, 0, 1.18102, 0, -0.000406265, 0, 0, -1.18102, -10.144, -0.758498, 0, 0, -13.7937, 0, 0.758498, 0, -0.000406265, 0, 0, -0.758498, 9.51635, 0, 0, -0.877475, 28.7637, 0, 0.877475, 0, -0.000406265, 0.877475, 0, 0, 7.08385, 0, 0, -1.06376, 9.20234, 0, 1.06376, 0, -0.000406265, 1.06376, 0, 0, -4.69707, -1.26149, 0, 0, -4.9516, 0, 1.26149, 0, -0.000406265, 0, 0, -1.26149, -1.46871, -0.736608, 0, 0, -23.4155, 0, 0.736608, 0, -0.000406265, 0, 0, -0.736608, -3.03066, 0, 0, -0.854243, -8.33808, 0, 0.854243, 0, -0.000406265, 0.854243, 0, 0, 17.2052, 0, 0, -0.803366, -18.899, 0, 0.803366, 0, -0.000406265, 0.803366, 0, 0, 19.0803, 0, 0, -1.22674, -0.519233, 0, 1.22674, 0, -0.000406265, 1.22674, 0, 0, 13.7831, 0, 0, -0.803648, 9.11256, 0, 0.803648, 0, -0.000406265, 0.803648, 0, 0, 18.9444, 0, 0, -1.21431, 23.1604, 0, 1.21431, 0, -0.000406265, 1.21431, 0, 0, 3.00527, 0, 0, -1.05041, 18.3862, 0, 1.05041, 0, -0.000406265, 1.05041, 0, 0, -3.06902, 0, 0, -1.26241, 2.56661, 0, 1.26241, 0, -0.000406265, 1.26241, 0, 0, 25.9736, -1.20597, 0, 0, -20.1835, 0, 1.20597, 0, -0.000406265, 0, 0, -1.20597, -16.8045, 0, 0, -1.08781, 17.4499, 0, 1.08781, 0, -0.000406265, 1.08781, 0, 0, -12.4663, -1.21844, 0, 0, 7.28807, 0, 1.21844, 0, -0.000406265, 0, 0, -1.21844, -24.285, -1.25972, 0, 0, -5.089, 0, 1.25972, 0, -0.000406265, 0, 0, -1.25972, -28.3682, -0.84081, 0, 0, -22.8696, 0, 0.84081, 0, -0.000406265, 0, 0, -0.84081, -7.88845, -1.13648, 0, 0, -11.2388, 0, 1.13648, 0, -0.000406265, 0, 0, -1.13648, -21.243, -1.15365, 0, 0, -27.5375, 0, 1.15365, 0, -0.000406265, 0, 0, -1.15365, -21.36, 0, 0, -0.923043, 16.207, 0, 0.923043, 0, -0.000406265, 0.923043, 0, 0, 21.9402, -1.04003, 0, 0, -2.17007, 0, 1.04003, 0, -0.000406265, 0, 0, -1.04003, -6.53478, 0, 0, -1.0346, 22.9418, 0, 1.0346, 0, -0.000406265, 1.0346, 0, 0, 23.3321, 0, 0, -0.842958, 14.5096, 0, 0.842958, 0, -0.000406265, 0.842958, 0, 0, 22.1856, -1.04913, 0, 0, -0.778637, 0, 1.04913, 0, -0.000406265, 0, 0, -1.04913, -26.2649, -0.925128, 0, 0, -20.0368, 0, 0.925128, 0, -0.000406265, 0, 0, -0.925128, -25.3511, 0, 0, -1.17227, -11.5003, 0, 1.17227, 0, -0.000406265, 1.17227, 0, 0, 15.3327, 0, 0, -0.896318, -20.8159, 0, 0.896318, 0, -0.000406265, 0.896318, 0, 0, 28.4696, -1.06603, 0, 0, 1.42679, 0, 1.06603, 0, -0.000406265, 0, 0, -1.06603, -15.8715, 0, 0, -1.24676, 26.9183, 0, 1.24676, 0, -0.000406265, 1.24676, 0, 0, -13.3891, 0, 0, -0.879996, 25.4868, 0, 0.879996, 0, -0.000406265, 0.879996, 0, 0, -18.2617, 0, 0, -1.15124, 9.39164, 0, 1.15124, 0, -0.000406265, 1.15124, 0, 0, -7.73125, 0, 0, -1.05055, 18.1251, 0, 1.05055, 0, -0.000406265, 1.05055, 0, 0, -5.81087, 0, 0, -0.852348, 21.7098, 0, 0.852348, 0, -0.000406265, 0.852348, 0, 0, 20.448, -1.29134, 0, 0, 22.1759, 0, 1.29134, 0, -0.000406265, 0, 0, -1.29134, -27.6093, 0, 0, -1.14583, -16.1385, 0, 1.14583, 0, -0.000406265, 1.14583, 0, 0, 21.3036, -0.869869, 0, 0, 5.11371, 0, 0.869869, 0, -0.000406265, 0, 0, -0.869869, -8.7105, -0.936955, 0, 0, 17.1201, 0, 0.936955, 0, -0.000406265, 0, 0, -0.936955, -17.9541, 0, 0, -0.810115, 0.804511, 0, 0.810115, 0, -0.000406265, 0.810115, 0, 0, 26.2599, 0, 0, -1.24709, -0.90003, 0, 1.24709, 0, -0.000406265, 1.24709, 0, 0, 29.5222, -1.04835, 0, 0, -2.39168, 0, 1.04835, 0, -0.000406265, 0, 0, -1.04835, -29.8943, 0, 0, -1.15802, 27.9611, 0, 1.15802, 0, -0.000406265, 1.15802, 0, 0, -2.40443, 0, 0, -1.1252, 13.5249, 0, 1.1252, 0, -0.000406265, 1.1252, 0, 0, 26.1331, -1.08073, 0, 0, -9.07959, 0, 1.08073, 0, -0.000406265, 0, 0, -1.08073, -24.9988, -1.25881, 0, 0, -26.7611, 0, 1.25881, 0, -0.000406265, 0, 0, -1.25881, 5.55962, 0, 0, -1.21868, -12.641, 0, 1.21868, 0, -0.000406265, 1.21868, 0, 0, 20.4389, -0.975308, 0, 0, 28.392, 0, 0.975308, 0, -0.000406265, 0, 0, -0.975308, -28.6029, -0.847059, 0, 0, -3.98771, 0, 0.847059, 0, -0.000406265, 0, 0, -0.847059, -2.99334, 0, 0, -0.90932, -20.8518, 0, 0.90932, 0, -0.000406265, 0.90932, 0, 0, 29.4073, 0, 0, -1.18925, 20.9609, 0, 1.18925, 0, -0.000406265, 1.18925, 0, 0, -6.6507, -1.06608, 0, 0, -17.1004, 0, 1.06608, 0, -0.000406265, 0, 0, -1.06608, -3.78326, 0, 0, -0.763998, 29.4448, 0, 0.763998, 0, -0.000406265, 0.763998, 0, 0, 1.39454, 0, 0, -0.710187, 7.72215, 0, 0.710187, 0, -0.000406265, 0.710187, 0, 0, 3.16285)

[node name="Backdrop" type="Node3D"]

[node name="WorldEnvironment" type="WorldEnvironment" parent="."]
environment = SubResource("Environment_oe4hh")

[node name="OmniLight3D" type="OmniLight3D" parent="."]
transform = Transform3D(1, 0, 0, 0, 1, 0, 0, 0, 1, 0, 11.324, -4.18797)
light_energy = 1.5
omni_range = 30.0
omni_attenuation = 0.7
metadata/_edit_lock_ = true

[node name="DirectionalLight3D" type="DirectionalLight3D" parent="."]
transform = Transform3D(1, 0, 0, 0, 1, 0, 0, 0, 1, 0, 5.02818, 0)
light_color = Color(0.452586, 0.452586, 0.452586, 1)
metadata/_edit_lock_ = true

[node name="Floor" type="MeshInstance3D" parent="."]
material_override = SubResource("ShaderMaterial_vgg3n")
mesh = SubResource("QuadMesh_vrv57")
metadata/_edit_lock_ = true

[node name="Wall" type="MeshInstance3D" parent="."]
transform = Transform3D(1, 0, 0, 0, 0.939693, 0.34202, 0, -0.34202, 0.939693, 0, 0, -26.4827)
material_override = SubResource("StandardMaterial3D_wfuwv")
mesh = SubResource("QuadMesh_n17a5")
metadata/_edit_lock_ = true

[node name="Units" type="Node3D" parent="."]
visible = false

[node name="MeshInstance3D" type="MeshInstance3D" parent="Units"]
transform = Transform3D(1, 0, 0, 0, 0.939693, 0.34202, 0, -0.34202, 0.939693, -17.2066, 1.35, -10.752)
material_override = SubResource("ShaderMaterial_pic1n")
mesh = SubResource("QuadMesh_be2ei")

[node name="Trees" type="Node3D" parent="."]

[node name="MeshInstance3D" type="MeshInstance3D" parent="Trees"]
transform = Transform3D(1, 0, 0, 0, 0.939693, 0.34202, 0, -0.34202, 0.939693, 0, 15.1471, -20.9693)
material_override = SubResource("ShaderMaterial_6p58s")
mesh = SubResource("QuadMesh_vyyhk")
skeleton = NodePath("../..")

[node name="MeshInstance3D2" type="MeshInstance3D" parent="Trees"]
transform = Transform3D(1, 0, 0, 0, 0.939693, 0.34202, 0, -0.34202, 0.939693, -5.95442, 15.2364, -24.2875)
material_override = SubResource("ShaderMaterial_g1xli")
mesh = SubResource("QuadMesh_mq6yw")
skeleton = NodePath("../..")

[node name="MeshInstance3D3" type="MeshInstance3D" parent="Trees"]
transform = Transform3D(1, 0, 0, 0, 0.939693, 0.34202, 0, -0.34202, 0.939693, 1.91556, 10.0225, -24.6422)
material_override = SubResource("ShaderMaterial_r5ik2")
mesh = SubResource("QuadMesh_vyyhk")
skeleton = NodePath("../..")

[node name="Bushes" type="Node3D" parent="."]

[node name="MeshInstance3D" type="MeshInstance3D" parent="Bushes"]
transform = Transform3D(1, 0, 0, 0, 0.939693, 0.34202, 0, -0.34202, 0.939693, -3.32437, 1.299, -15.6807)
material_override = SubResource("ShaderMaterial_dfbpa")
mesh = SubResource("QuadMesh_4feu1")

[node name="MeshInstance3D14" type="MeshInstance3D" parent="Bushes"]
transform = Transform3D(1, 0, 0, 0, 0.939693, 0.34202, 0, -0.34202, 0.939693, -13.1946, 1.299, -0.383066)
material_override = SubResource("ShaderMaterial_dfbpa")
mesh = SubResource("QuadMesh_4feu1")

[node name="MeshInstance3D15" type="MeshInstance3D" parent="Bushes"]
transform = Transform3D(1, 0, 0, 0, 0.939693, 0.34202, 0, -0.34202, 0.939693, 13.1595, 1.299, -0.120914)
material_override = SubResource("ShaderMaterial_dfbpa")
mesh = SubResource("QuadMesh_4feu1")

[node name="MeshInstance3D16" type="MeshInstance3D" parent="Bushes"]
transform = Transform3D(1, 0, 0, 0, 0.939693, 0.34202, 0, -0.34202, 0.939693, 11.3907, 1.299, 1.04265)
material_override = SubResource("ShaderMaterial_slfae")
mesh = SubResource("QuadMesh_4feu1")

[node name="MeshInstance3D6" type="MeshInstance3D" parent="Bushes"]
transform = Transform3D(1, 0, 0, 0, 0.939693, 0.34202, 0, -0.34202, 0.939693, 10.1781, 1.299, -15.6807)
material_override = SubResource("ShaderMaterial_dfbpa")
mesh = SubResource("QuadMesh_4feu1")

[node name="MeshInstance3D7" type="MeshInstance3D" parent="Bushes"]
transform = Transform3D(1, 0, 0, 0, 0.939693, 0.34202, 0, -0.34202, 0.939693, 16.1403, 1.299, -17.7495)
material_override = SubResource("ShaderMaterial_dfbpa")
mesh = SubResource("QuadMesh_4feu1")

[node name="MeshInstance3D2" type="MeshInstance3D" parent="Bushes"]
transform = Transform3D(1, 0, 0, 0, 0.939693, 0.34202, 0, -0.34202, 0.939693, -11.8751, 1.299, -15.6807)
material_override = SubResource("ShaderMaterial_dfbpa")
mesh = SubResource("QuadMesh_4feu1")

[node name="MeshInstance3D8" type="MeshInstance3D" parent="Bushes"]
transform = Transform3D(1, 0, 0, 0, 0.939693, 0.34202, 0, -0.34202, 0.939693, -19.0687, 1.299, -16.8282)
material_override = SubResource("ShaderMaterial_dfbpa")
mesh = SubResource("QuadMesh_4feu1")

[node name="MeshInstance3D9" type="MeshInstance3D" parent="Bushes"]
transform = Transform3D(1, 0, 0, 0, 0.939693, 0.34202, 0, -0.34202, 0.939693, -20.6685, 1.299, -16.0827)
material_override = SubResource("ShaderMaterial_8n3a4")
mesh = SubResource("QuadMesh_4feu1")

[node name="MeshInstance3D3" type="MeshInstance3D" parent="Bushes"]
transform = Transform3D(1, 0, 0, 0, 0.939693, 0.34202, 0, -0.34202, 0.939693, -13.3689, 1.299, -15.3863)
material_override = SubResource("ShaderMaterial_p4bui")
mesh = SubResource("QuadMesh_4feu1")

[node name="MeshInstance3D4" type="MeshInstance3D" parent="Bushes"]
transform = Transform3D(1, 0, 0, 0, 0.939693, 0.34202, 0, -0.34202, 0.939693, -8.05524, 1.299, -17.5247)
material_override = SubResource("ShaderMaterial_p4bui")
mesh = SubResource("QuadMesh_4feu1")

[node name="MeshInstance3D10" type="MeshInstance3D" parent="Bushes"]
transform = Transform3D(1, 0, 0, 0, 0.939693, 0.34202, 0, -0.34202, 0.939693, -13.9086, 1.299, -20.4968)
material_override = SubResource("ShaderMaterial_p4bui")
mesh = SubResource("QuadMesh_4feu1")

[node name="MeshInstance3D11" type="MeshInstance3D" parent="Bushes"]
transform = Transform3D(1, 0, 0, 0, 0.939693, 0.34202, 0, -0.34202, 0.939693, 1.77437, 1.299, -20.4968)
material_override = SubResource("ShaderMaterial_p4bui")
mesh = SubResource("QuadMesh_4feu1")

[node name="MeshInstance3D12" type="MeshInstance3D" parent="Bushes"]
transform = Transform3D(1, 0, 0, 0, 0.939693, 0.34202, 0, -0.34202, 0.939693, 11.1141, 1.299, -20.4968)
material_override = SubResource("ShaderMaterial_p4bui")
mesh = SubResource("QuadMesh_4feu1")

[node name="MeshInstance3D13" type="MeshInstance3D" parent="Bushes"]
transform = Transform3D(1, 0, 0, 0, 0.939693, 0.34202, 0, -0.34202, 0.939693, 12.6421, 1.299, -19.2991)
material_override = SubResource("ShaderMaterial_p4bui")
mesh = SubResource("QuadMesh_4feu1")

[node name="MeshInstance3D5" type="MeshInstance3D" parent="Bushes"]
transform = Transform3D(1, 0, 0, 0, 0.939693, 0.34202, 0, -0.34202, 0.939693, 5.09715, 1.299, -17.5247)
material_override = SubResource("ShaderMaterial_p4bui")
mesh = SubResource("QuadMesh_4feu1")

[node name="Torches" type="Node3D" parent="."]
visible = false

[node name="Torch" parent="Torches" instance=ExtResource("3_rwuhn")]
transform = Transform3D(1, 0, 0, 0, 0.939693, 0.34202, 0, -0.34202, 0.939693, -14.587, 6, -14.077)

[node name="Torch2" parent="Torches" instance=ExtResource("3_rwuhn")]
transform = Transform3D(1, 0, 0, 0, 0.939693, 0.34202, 0, -0.34202, 0.939693, -1.316, 6, -13.767)

[node name="Torch3" parent="Torches" instance=ExtResource("3_rwuhn")]
transform = Transform3D(1, 0, 0, 0, 0.939693, 0.34202, 0, -0.34202, 0.939693, 12.15, 6, -14.424)

[node name="Grass" type="MultiMeshInstance3D" parent="."]
transform = Transform3D(1, 0, 0, 0, 1, 0, 0, 0, 1, -7.62939e-06, 0.000406265, -0.000168204)
material_override = SubResource("ShaderMaterial_g48h8")
multimesh = SubResource("MultiMesh_woue6")

[node name="MeshInstance3D17" type="MeshInstance3D" parent="Grass"]
transform = Transform3D(1, 0, 0, 0, 0.939693, 0.34202, 0, -0.34202, 0.939693, -9.83, 0, -15.0257)
material_override = SubResource("ShaderMaterial_g48h8")
mesh = SubResource("QuadMesh_s508a")
skeleton = NodePath("../../Bushes")
