[gd_scene load_steps=33 format=3 uid="uid://b3ktuay7bbkej"]

[ext_resource type="Shader" path="res://shaders/texture_3D.gdshader" id="1_mphi0"]
[ext_resource type="Script" path="res://src/combat/backdrop.gd" id="1_w6ua5"]
[ext_resource type="Texture2D" uid="uid://jn6tlsaflx1f" path="res://textures/base.png" id="2_85570"]
[ext_resource type="Texture2D" uid="uid://kia8yhfpcapr" path="res://textures/environment/ground_01.png" id="2_j6kvm"]
[ext_resource type="PackedScene" uid="uid://c0paiugr6o31v" path="res://src/torch.tscn" id="3_rwuhn"]
[ext_resource type="Shader" path="res://shaders/texture_3D_color.gdshader" id="3_wjt7n"]
[ext_resource type="Texture2D" uid="uid://cb1y3bj42kjcw" path="res://textures/environment/trees_04.png" id="4_nf10i"]
[ext_resource type="Texture2D" uid="uid://dbwmcfhncm4bg" path="res://textures/environment/trees_01.png" id="4_uj4vm"]
[ext_resource type="Texture2D" uid="uid://c1txqload6h2b" path="res://textures/environment/bush_02.png" id="7_ognw5"]
[ext_resource type="Texture2D" uid="uid://cj77hir4fwbfj" path="res://textures/environment/grass_01.png" id="9_ef5oc"]

[sub_resource type="Environment" id="Environment_oe4hh"]
background_mode = 1
fog_enabled = true
fog_mode = 1
fog_light_color = Color(0.909711, 0.854743, 0.82889, 1)
fog_light_energy = 0.1
fog_density = 0.1
fog_height = 2.0
fog_height_density = 0.05
fog_depth_curve = 4.59479

[sub_resource type="ShaderMaterial" id="ShaderMaterial_vgg3n"]
render_priority = 0
shader = ExtResource("1_mphi0")
shader_parameter/albedo = ExtResource("2_j6kvm")
shader_parameter/flip_h = false

[sub_resource type="QuadMesh" id="QuadMesh_vrv57"]
size = Vector2(60, 60)
orientation = 1

[sub_resource type="StandardMaterial3D" id="StandardMaterial3D_wfuwv"]
albedo_color = Color(0, 0, 0, 1)

[sub_resource type="QuadMesh" id="QuadMesh_n17a5"]
size = Vector2(60, 60)

[sub_resource type="ShaderMaterial" id="ShaderMaterial_pic1n"]
render_priority = 0
shader = ExtResource("1_mphi0")
shader_parameter/albedo = ExtResource("2_85570")
shader_parameter/flip_h = false

[sub_resource type="QuadMesh" id="QuadMesh_be2ei"]
size = Vector2(3, 3)

[sub_resource type="ShaderMaterial" id="ShaderMaterial_6p58s"]
render_priority = 0
shader = ExtResource("1_mphi0")
shader_parameter/albedo = ExtResource("4_nf10i")
shader_parameter/flip_h = false

[sub_resource type="QuadMesh" id="QuadMesh_vyyhk"]
size = Vector2(60, 33)

[sub_resource type="ShaderMaterial" id="ShaderMaterial_g1xli"]
render_priority = 0
shader = ExtResource("3_wjt7n")
shader_parameter/albedo = ExtResource("4_nf10i")
shader_parameter/color = Color(0, 0, 0, 1)
shader_parameter/flip_h = true

[sub_resource type="QuadMesh" id="QuadMesh_mq6yw"]
size = Vector2(60, 33)

[sub_resource type="ShaderMaterial" id="ShaderMaterial_r5ik2"]
render_priority = 0
shader = ExtResource("1_mphi0")
shader_parameter/albedo = ExtResource("4_uj4vm")
shader_parameter/flip_h = false

[sub_resource type="ShaderMaterial" id="ShaderMaterial_dfbpa"]
render_priority = 0
shader = ExtResource("1_mphi0")
shader_parameter/albedo = ExtResource("7_ognw5")
shader_parameter/flip_h = false

[sub_resource type="QuadMesh" id="QuadMesh_4feu1"]
size = Vector2(3, 3)

[sub_resource type="ShaderMaterial" id="ShaderMaterial_8n3a4"]
render_priority = 0
shader = ExtResource("1_mphi0")
shader_parameter/albedo = ExtResource("7_ognw5")
shader_parameter/flip_h = true

[sub_resource type="ShaderMaterial" id="ShaderMaterial_p4bui"]
render_priority = 0
shader = ExtResource("1_mphi0")
shader_parameter/albedo = ExtResource("7_ognw5")
shader_parameter/flip_h = true

[sub_resource type="ShaderMaterial" id="ShaderMaterial_g48h8"]
render_priority = 0
shader = ExtResource("1_mphi0")
shader_parameter/albedo = ExtResource("9_ef5oc")
shader_parameter/flip_h = true

[sub_resource type="QuadMesh" id="QuadMesh_s508a"]
material = SubResource("ShaderMaterial_g48h8")
size = Vector2(2, 2)
center_offset = Vector3(0, 1, 0)

[sub_resource type="MultiMesh" id="MultiMesh_wr833"]
resource_local_to_scene = true
transform_format = 1
mesh = SubResource("QuadMesh_s508a")

[sub_resource type="ShaderMaterial" id="ShaderMaterial_slfae"]
render_priority = 0
shader = ExtResource("1_mphi0")
shader_parameter/albedo = ExtResource("7_ognw5")
shader_parameter/flip_h = true

[sub_resource type="QuadMesh" id="QuadMesh_le1bq"]
material = SubResource("ShaderMaterial_slfae")
size = Vector2(3, 3)
center_offset = Vector3(0, 1.5, 0)

[sub_resource type="MultiMesh" id="MultiMesh_rwoic"]
resource_local_to_scene = true
transform_format = 1
mesh = SubResource("QuadMesh_le1bq")

[node name="Backdrop" type="Node3D"]
script = ExtResource("1_w6ua5")

[node name="WorldEnvironment" type="WorldEnvironment" parent="."]
environment = SubResource("Environment_oe4hh")

[node name="OmniLight3D" type="OmniLight3D" parent="."]
transform = Transform3D(1, 0, 0, 0, 1, 0, 0, 0, 1, 0, 11.324, -4.18797)
light_energy = 1.5
omni_range = 30.0
omni_attenuation = 0.7
metadata/_edit_lock_ = true

[node name="DirectionalLight3D" type="DirectionalLight3D" parent="."]
transform = Transform3D(1, 0, 0, 0, 1, 0, 0, 0, 1, 0, 5.02818, 0)
light_color = Color(0.452586, 0.452586, 0.452586, 1)
metadata/_edit_lock_ = true

[node name="Floor" type="MeshInstance3D" parent="."]
material_override = SubResource("ShaderMaterial_vgg3n")
mesh = SubResource("QuadMesh_vrv57")
metadata/_edit_lock_ = true

[node name="Wall" type="MeshInstance3D" parent="."]
transform = Transform3D(1, 0, 0, 0, 0.939693, 0.34202, 0, -0.34202, 0.939693, 0, 0, -26.4827)
material_override = SubResource("StandardMaterial3D_wfuwv")
mesh = SubResource("QuadMesh_n17a5")
metadata/_edit_lock_ = true

[node name="Units" type="Node3D" parent="."]
visible = false

[node name="MeshInstance3D" type="MeshInstance3D" parent="Units"]
transform = Transform3D(1, 0, 0, 0, 0.939693, 0.34202, 0, -0.34202, 0.939693, -17.2066, 1.35, -10.752)
material_override = SubResource("ShaderMaterial_pic1n")
mesh = SubResource("QuadMesh_be2ei")

[node name="Trees" type="Node3D" parent="."]

[node name="MeshInstance3D" type="MeshInstance3D" parent="Trees"]
transform = Transform3D(1, 0, 0, 0, 0.939693, 0.34202, 0, -0.34202, 0.939693, 0, 15.1471, -20.9693)
material_override = SubResource("ShaderMaterial_6p58s")
mesh = SubResource("QuadMesh_vyyhk")
skeleton = NodePath("../..")

[node name="MeshInstance3D2" type="MeshInstance3D" parent="Trees"]
transform = Transform3D(1, 0, 0, 0, 0.939693, 0.34202, 0, -0.34202, 0.939693, -5.95442, 15.2364, -24.2875)
material_override = SubResource("ShaderMaterial_g1xli")
mesh = SubResource("QuadMesh_mq6yw")
skeleton = NodePath("../..")

[node name="MeshInstance3D3" type="MeshInstance3D" parent="Trees"]
transform = Transform3D(1, 0, 0, 0, 0.939693, 0.34202, 0, -0.34202, 0.939693, 1.91556, 10.0225, -24.6422)
material_override = SubResource("ShaderMaterial_r5ik2")
mesh = SubResource("QuadMesh_vyyhk")
skeleton = NodePath("../..")

[node name="Bushes" type="Node3D" parent="."]

[node name="MeshInstance3D" type="MeshInstance3D" parent="Bushes"]
transform = Transform3D(1, 0, 0, 0, 0.939693, 0.34202, 0, -0.34202, 0.939693, -3.32437, 1.299, -15.6807)
material_override = SubResource("ShaderMaterial_dfbpa")
mesh = SubResource("QuadMesh_4feu1")

[node name="MeshInstance3D6" type="MeshInstance3D" parent="Bushes"]
transform = Transform3D(1, 0, 0, 0, 0.939693, 0.34202, 0, -0.34202, 0.939693, 10.1781, 1.299, -15.6807)
material_override = SubResource("ShaderMaterial_dfbpa")
mesh = SubResource("QuadMesh_4feu1")

[node name="MeshInstance3D7" type="MeshInstance3D" parent="Bushes"]
transform = Transform3D(1, 0, 0, 0, 0.939693, 0.34202, 0, -0.34202, 0.939693, 16.1403, 1.299, -17.7495)
material_override = SubResource("ShaderMaterial_dfbpa")
mesh = SubResource("QuadMesh_4feu1")

[node name="MeshInstance3D2" type="MeshInstance3D" parent="Bushes"]
transform = Transform3D(1, 0, 0, 0, 0.939693, 0.34202, 0, -0.34202, 0.939693, -11.8751, 1.299, -15.6807)
material_override = SubResource("ShaderMaterial_dfbpa")
mesh = SubResource("QuadMesh_4feu1")

[node name="MeshInstance3D8" type="MeshInstance3D" parent="Bushes"]
transform = Transform3D(1, 0, 0, 0, 0.939693, 0.34202, 0, -0.34202, 0.939693, -19.0687, 1.299, -16.8282)
material_override = SubResource("ShaderMaterial_dfbpa")
mesh = SubResource("QuadMesh_4feu1")

[node name="MeshInstance3D9" type="MeshInstance3D" parent="Bushes"]
transform = Transform3D(1, 0, 0, 0, 0.939693, 0.34202, 0, -0.34202, 0.939693, -20.6685, 1.299, -16.0827)
material_override = SubResource("ShaderMaterial_8n3a4")
mesh = SubResource("QuadMesh_4feu1")

[node name="MeshInstance3D3" type="MeshInstance3D" parent="Bushes"]
transform = Transform3D(1, 0, 0, 0, 0.939693, 0.34202, 0, -0.34202, 0.939693, -13.3689, 1.299, -15.3863)
material_override = SubResource("ShaderMaterial_p4bui")
mesh = SubResource("QuadMesh_4feu1")

[node name="MeshInstance3D4" type="MeshInstance3D" parent="Bushes"]
transform = Transform3D(1, 0, 0, 0, 0.939693, 0.34202, 0, -0.34202, 0.939693, -8.05524, 1.299, -17.5247)
material_override = SubResource("ShaderMaterial_p4bui")
mesh = SubResource("QuadMesh_4feu1")

[node name="MeshInstance3D10" type="MeshInstance3D" parent="Bushes"]
transform = Transform3D(1, 0, 0, 0, 0.939693, 0.34202, 0, -0.34202, 0.939693, -13.9086, 1.299, -20.4968)
material_override = SubResource("ShaderMaterial_p4bui")
mesh = SubResource("QuadMesh_4feu1")

[node name="MeshInstance3D11" type="MeshInstance3D" parent="Bushes"]
transform = Transform3D(1, 0, 0, 0, 0.939693, 0.34202, 0, -0.34202, 0.939693, 1.77437, 1.299, -20.4968)
material_override = SubResource("ShaderMaterial_p4bui")
mesh = SubResource("QuadMesh_4feu1")

[node name="MeshInstance3D12" type="MeshInstance3D" parent="Bushes"]
transform = Transform3D(1, 0, 0, 0, 0.939693, 0.34202, 0, -0.34202, 0.939693, 11.1141, 1.299, -20.4968)
material_override = SubResource("ShaderMaterial_p4bui")
mesh = SubResource("QuadMesh_4feu1")

[node name="MeshInstance3D13" type="MeshInstance3D" parent="Bushes"]
transform = Transform3D(1, 0, 0, 0, 0.939693, 0.34202, 0, -0.34202, 0.939693, 12.6421, 1.299, -19.2991)
material_override = SubResource("ShaderMaterial_p4bui")
mesh = SubResource("QuadMesh_4feu1")

[node name="MeshInstance3D5" type="MeshInstance3D" parent="Bushes"]
transform = Transform3D(1, 0, 0, 0, 0.939693, 0.34202, 0, -0.34202, 0.939693, 5.09715, 1.299, -17.5247)
material_override = SubResource("ShaderMaterial_p4bui")
mesh = SubResource("QuadMesh_4feu1")

[node name="Torches" type="Node3D" parent="."]
visible = false

[node name="Torch" parent="Torches" instance=ExtResource("3_rwuhn")]
transform = Transform3D(1, 0, 0, 0, 0.939693, 0.34202, 0, -0.34202, 0.939693, -14.587, 6, -14.077)

[node name="Torch2" parent="Torches" instance=ExtResource("3_rwuhn")]
transform = Transform3D(1, 0, 0, 0, 0.939693, 0.34202, 0, -0.34202, 0.939693, -1.316, 6, -13.767)

[node name="Torch3" parent="Torches" instance=ExtResource("3_rwuhn")]
transform = Transform3D(1, 0, 0, 0, 0.939693, 0.34202, 0, -0.34202, 0.939693, 12.15, 6, -14.424)

[node name="GrassMM" type="MultiMeshInstance3D" parent="."]
transform = Transform3D(1, 0, 0, 0, 1, 0, 0, 0, 1, -7.62939e-06, 0.000406265, -0.000168204)
multimesh = SubResource("MultiMesh_wr833")

[node name="BushMM" type="MultiMeshInstance3D" parent="."]
transform = Transform3D(1, 0, 0, 0, 1, 0, 0, 0, 1, -7.62939e-06, 0.000406265, -0.000168204)
multimesh = SubResource("MultiMesh_rwoic")
